1000 500
1 415 139
2 677 188
3 488 178
5 9 146
5 948 101
6 377 141
7 990 183
8 913 154
11 289 193
15 912 120
16 449 197
16 505 175
16 410 145
17 389 111
18 833 146
21 698 187
22 638 196
23 677 103
26 388 121
27 323 118
27 348 199
27 175 103
27 122 101
27 950 180
31 510 141
31 295 170
33 747 102
36 886 121
37 926 193
39 61 104
40 991 142
40 944 133
41 67 150
42 917 185
42 989 174
42 249 103
44 598 162
45 276 157
45 659 105
47 980 172
47 745 185
47 252 135
48 335 163
50 797 161
50 557 127
52 701 109
53 330 168
55 147 120
56 692 192
57 737 170
58 514 187
58 544 149
60 366 132
61 125 115
64 77 147
66 433 142
66 99 167
67 873 194
68 370 166
70 885 191
72 447 126
74 545 152
74 880 167
75 162 126
75 94 162
77 937 150
78 249 168
80 785 181
81 863 145
84 295 186
84 859 118
88 430 128
89 945 173
89 286 180
90 545 117
91 419 192
92 380 155
92 788 135
92 479 110
93 386 111
94 275 126
95 598 173
96 593 139
97 495 188
98 750 191
98 316 110
99 839 183
99 511 166
105 705 163
106 481 195
106 961 116
107 368 113
107 425 178
109 626 137
110 249 111
110 801 125
110 293 103
111 828 100
112 696 170
112 540 121
113 376 184
113 719 150
116 576 131
116 167 171
116 693 149
118 980 174
119 373 153
120 661 117
121 975 164
121 393 199
122 162 125
123 569 179
123 941 185
125 632 151
126 515 184
130 876 156
130 434 112
130 669 181
132 329 178
133 747 111
134 297 199
134 222 181
134 532 112
135 692 107
136 914 172
136 320 188
137 956 171
137 943 148
138 182 139
139 398 109
139 999 113
139 925 160
141 739 148
144 200 129
144 624 184
144 830 158
146 452 105
146 211 142
147 282 149
148 850 122
149 312 174
151 713 118
151 1000 146
152 979 106
153 257 153
154 801 142
155 825 157
155 443 116
155 543 105
155 417 192
156 412 103
161 521 170
161 364 162
163 610 176
164 329 117
166 462 181
166 768 148
167 607 109
167 459 154
169 949 173
169 618 102
169 828 195
170 344 187
171 511 152
172 884 196
176 897 176
177 526 113
179 640 155
183 215 140
183 613 184
184 668 133
184 601 117
185 742 101
188 455 160
189 342 167
189 654 119
190 514 127
194 274 122
194 613 143
196 977 174
196 650 139
196 907 108
199 801 125
200 443 129
201 256 107
202 468 123
204 842 194
205 455 183
206 547 185
206 372 129
207 219 193
210 562 142
211 475 125
212 980 178
213 609 152
217 258 178
219 411 142
220 668 175
221 590 171
221 797 165
224 648 184
226 910 192
230 288 127
233 603 139
235 809 137
236 574 130
237 782 193
240 473 171
240 316 120
240 589 161
246 332 123
251 570 156
254 586 147
254 865 106
254 560 171
255 558 199
256 864 174
258 888 188
260 460 178
261 866 170
262 673 108
263 646 147
263 317 108
264 764 121
264 665 125
265 306 164
266 481 116
267 376 162
267 429 119
269 820 140
270 377 117
271 580 144
272 298 143
272 1000 142
274 859 111
274 966 164
276 400 163
278 755 160
280 905 126
281 846 116
281 500 123
282 316 176
286 732 194
288 674 179
288 879 105
289 310 191
291 591 107
291 394 163
291 676 169
292 804 172
294 329 139
295 724 161
295 364 109
295 539 172
299 738 106
300 454 183
300 972 184
300 888 102
305 611 169
305 834 117
306 590 123
307 472 169
310 550 104
314 655 155
315 924 177
316 425 173
316 819 150
317 698 161
317 898 179
320 629 121
321 870 162
328 715 106
329 491 183
330 500 134
330 450 160
330 458 183
331 902 130
331 623 165
337 456 133
342 387 142
344 571 197
345 674 127
345 800 178
347 536 184
348 500 170
348 412 191
348 637 179
350 601 179
350 759 132
355 921 147
356 480 197
357 862 171
358 896 165
358 432 172
359 581 106
360 818 120
361 553 150
363 764 182
364 860 155
366 484 180
368 836 178
372 724 151
373 719 181
373 924 112
374 995 112
376 626 118
376 973 179
377 695 152
379 641 164
379 705 110
381 629 117
382 452 101
384 729 143
386 932 137
388 586 118
390 672 146
391 711 124
396 599 154
399 685 193
399 469 125
403 930 134
405 938 147
406 955 136
406 418 150
407 640 194
410 822 199
413 631 130
414 417 157
420 590 189
421 729 173
426 770 154
427 796 109
427 739 165
428 970 187
428 667 118
432 818 171
432 807 196
434 773 106
436 634 171
437 561 176
441 468 170
443 868 101
444 878 166
445 553 102
446 608 185
450 511 109
455 821 189
455 622 122
455 548 155
457 649 178
457 547 141
458 928 150
458 645 172
459 501 106
460 566 167
462 712 160
464 944 193
469 868 149
469 965 107
472 736 153
477 750 117
478 972 153
478 843 107
481 780 156
481 896 188
481 723 137
481 882 179
484 574 160
486 489 106
490 581 186
492 940 179
492 982 179
498 593 193
498 934 122
505 872 198
506 941 193
508 647 180
510 784 104
511 988 130
514 881 178
514 911 188
516 608 183
521 671 193
522 790 155
522 936 144
525 838 133
526 996 111
526 840 112
530 761 178
530 708 102
537 873 124
538 966 140
538 960 197
538 970 142
539 863 127
542 910 198
543 557 145
546 567 148
548 806 126
549 890 117
552 647 130
555 922 110
556 933 138
557 642 125
561 907 188
566 807 167
567 713 195
567 631 132
577 601 123
577 613 100
578 803 181
580 768 118
581 675 184
583 775 114
586 865 122
586 891 157
589 740 147
591 845 184
596 722 182
598 923 155
599 774 122
602 918 143
610 632 175
612 771 107
612 799 179
613 979 163
616 856 152
618 806 191
619 888 169
622 780 154
622 681 160
625 744 146
628 666 149
628 662 160
632 660 136
640 780 142
641 821 131
647 802 125
653 943 198
653 732 118
656 857 152
657 799 124
659 875 179
663 936 156
665 871 193
672 777 140
673 971 122
675 715 164
679 852 170
682 961 106
692 861 165
696 879 183
697 851 116
698 723 180
700 802 185
701 707 121
701 703 177
704 853 193
704 993 160
709 821 150
711 760 149
722 977 132
731 940 107
734 893 180
734 769 106
748 912 118
753 955 152
757 924 111
758 945 121
759 766 144
760 965 108
765 996 145
771 823 166
771 902 115
780 834 154
781 933 159
783 830 162
784 906 146
795 828 173
805 980 140
808 836 127
824 863 151
829 952 132
831 930 152
832 940 164
832 881 105
832 901 146
833 894 166
836 873 144
852 985 102
856 897 115
866 877 106
869 906 182
875 991 105
879 960 111
887 974 136
889 893 112
900 956 155
932 994 176
944 1000 107
1